30,3
30,2
30,1
30,0
0,390
0,389
29,5
0,388
0,387
0,386
29,4
29,3
29,2
29,1
29,0
0,385
0,384
28,4
28,3
28,2
28,1
28,0
0,319
0,318
27,3
27,2
27,1
27,0
0,317
0,316
26,4
26,3
26,2
0,283
0,243
26,1
26,0
25,3
25,2
25,1
25,0
24,52
24,51
24,50
24,49
24,48
24,47
24,46
24,45
24,44
24,43
24,42
24,41
24,40
24,39
24,38
24,37
24,36
24,35
3,2
3,1
3,3
10,187
10,229
10,71
10,181
10,275
10,129
10,251
12,2
12,1
12,3
11,29
11,28
11,27
11,26
11,25
11,24
20,2
11,23
20,1
11,22
20,3
11,21
11,20
11,19
11,18
11,17
11,16
11,15
11,14
11,13
11,12
11,11
11,10
11,9
11,8
11,7
11,6
11,5
11,4
11,3
19,2
11,2
19,1
11,1
19,3
11,0
10,35
10,31
